23.684624.037922.8664
23.6731 23.4692 23.1548
23.6448 23.4727 23.1606
23.6449 23.4568 23.1579
23.6212 23.4651 23.1456
23.6049 23.4538 23.1524
23.6226 23.4499 23.1489
23.6198 23.4462 23.1614
23.5991 23.4537 23.1608
23.6245 23.4085 23.1708
23.6249 23.4376 23.1664
23.5693 23.3678 23.0908
23.5879 23.3245 23.09
23.5625 23.38 23.0835
23.5683 23.3493 23.0891
23.5907 23.3307 23.0838
23.5804 23.3436 23.0802
23.5891 23.3591 23.0759
23.5783 23.3518 23.0917
23.5669 23.357 23.0941
23.5877 23.3512 23.0911
23.5907 23.3766 23.0824
23.5945 23.3426 23.0935
23.5722 23.3849 23.0979
23.5845 23.3601 23.1048
23.5972 23.3665 23.0893
23.5934 23.3644 23.0976
23.5945 23.3756 23.0841
23.5794 23.3763 23.0969
23.5772 23.3732 23.1004
23.5879 23.3608 23.0961
23.5748 23.3777 23.1062
23.5924 23.3819 23.1108
23.5915 23.3809 23.0982
23.5897 23.3869 23.1099
23.6044 23.3817 23.0971
